
==================================================================================
  MODE: EE
==================================================================================
Band      bin   ell_eff        sigma_cl        sigma_nl       sigma_tot     ratio
---------------------------------------------------------------------------------
11          1      29.0      1.1481e-06      4.1541e-07      1.2210e-06    0.9403
11          2      49.0      3.4069e-07      1.4127e-07      3.6882e-07    0.9237
11          3      69.0      1.4377e-07      8.5969e-08      1.6751e-07    0.8583
11          4      89.0      8.4530e-08      5.7620e-08      1.0230e-07    0.8263
11          5     109.0      5.7039e-08      4.4630e-08      7.2425e-08    0.7876
11          6     129.0      4.6201e-08      3.7853e-08      5.9728e-08    0.7735
11          7     149.0      3.7216e-08      3.1930e-08      4.9036e-08    0.7589
11          8     169.0      3.6687e-08      3.5989e-08      5.1392e-08    0.7139
11          9     189.0      3.0096e-08      2.8500e-08      4.1449e-08    0.7261

  Mean ratio sigma_cl / sigma_tot  [EE] = 0.7868

==================================================================================
  MODE: BB
==================================================================================
Band      bin   ell_eff        sigma_cl        sigma_nl       sigma_tot     ratio
---------------------------------------------------------------------------------
11          1      29.0      6.0584e-07      3.4188e-07      6.9564e-07    0.8709
11          2      49.0      1.7929e-07      1.2597e-07      2.1912e-07    0.8182
11          3      69.0      1.0450e-07      9.0366e-08      1.3815e-07    0.7564
11          4      89.0      6.3658e-08      5.3199e-08      8.2960e-08    0.7673
11          5     109.0      4.8591e-08      4.4205e-08      6.5690e-08    0.7397
11          6     129.0      5.0977e-08      4.7641e-08      6.9774e-08    0.7306
11          7     149.0      3.2879e-08      3.0852e-08      4.5087e-08    0.7292
11          8     169.0      3.2376e-08      3.1949e-08      4.5486e-08    0.7118
11          9     189.0      2.8933e-08      2.9211e-08      4.1114e-08    0.7037

  Mean ratio sigma_cl / sigma_tot  [BB] = 0.7559

Figure saved → /home/pablo/Desktop/master/tfm/figures/spectra/noise_comparison_quijote_galcut10_full_bin_20-199.pdf
